Date,Open,High,Low,Close,Adj Close,Volume,Date.1,Date.2,Date.3,Date.4,Date.5,Date.6,Date.7,Date
0,45.15999984741211,45.2400016784668,45.150001525878906,45.18000030517578,45.18000030517578,360160,2023-05-24 09:30:00-04:00,,,,,,,
1,44.20000076293945,44.30500030517578,44.11000061035156,44.2599983215332,44.2599983215332,332529,,,,,,,,2023-05-31 09:30:00-04:00
2,44.209999084472656,44.290000915527344,44.189998626708984,44.226200103759766,44.226200103759766,90713,,,,,,,,2023-05-31 09:31:00-04:00
3,44.220001220703125,44.349998474121094,44.21500015258789,44.31999969482422,44.31999969482422,46119,,,,,,,,2023-05-31 09:32:00-04:00
4,44.310001373291016,44.310001373291016,44.130001068115234,44.14910125732422,44.14910125732422,40745,,,,,,,,2023-05-31 09:33:00-04:00
5,44.14500045776367,44.17499923706055,44.06480026245117,44.16999816894531,44.16999816894531,61880,,,,,,,,2023-05-31 09:34:00-04:00
6,44.18000030517578,44.209999084472656,44.13999938964844,44.150001525878906,44.150001525878906,26800,,,,,,,,2023-05-31 09:35:00-04:00
7,44.15999984741211,44.22999954223633,44.13999938964844,44.22990036010742,44.22990036010742,30488,,,,,,,,2023-05-31 09:36:00-04:00
8,44.220001220703125,44.275001525878906,44.20000076293945,44.255001068115234,44.255001068115234,37835,,,,,,,,2023-05-31 09:37:00-04:00
9,44.2599983215332,44.2599983215332,44.20000076293945,44.20000076293945,44.20000076293945,38846,,,,,,,,2023-05-31 09:38:00-04:00
10,44.20000076293945,44.279998779296875,44.16999816894531,44.265899658203125,44.265899658203125,22842,,,,,,,,2023-05-31 09:39:00-04:00
11,44.26900100708008,44.27000045776367,44.189998626708984,44.23500061035156,44.23500061035156,32838,,,,,,,,2023-05-31 09:40:00-04:00
12,44.22999954223633,44.27000045776367,44.220001220703125,44.25,44.25,37910,,,,,,,,2023-05-31 09:41:00-04:00
13,44.25,44.27000045776367,44.22999954223633,44.25,44.25,43081,,,,,,,,2023-05-31 09:42:00-04:00
14,44.250099182128906,44.33000183105469,44.250099182128906,44.33000183105469,44.33000183105469,54075,,,,,,,,2023-05-31 09:43:00-04:00
15,44.32500076293945,44.400001525878906,44.31999969482422,44.38999938964844,44.38999938964844,52921,,,,,,,,2023-05-31 09:44:00-04:00
16,44.38999938964844,44.40999984741211,44.27000045776367,44.27000045776367,44.27000045776367,62094,,,,,,,,2023-05-31 09:45:00-04:00
17,44.2599983215332,44.2599983215332,44.150001525878906,44.18000030517578,44.18000030517578,41231,,,,,,,,2023-05-31 09:46:00-04:00
18,44.189998626708984,44.189998626708984,44.130001068115234,44.15999984741211,44.15999984741211,68670,,,,,,,,2023-05-31 09:47:00-04:00
19,44.16999816894531,44.17499923706055,44.09000015258789,44.10850143432617,44.10850143432617,56048,,,,,,,,2023-05-31 09:48:00-04:00
20,44.10499954223633,44.11000061035156,44.04999923706055,44.05950164794922,44.05950164794922,55718,,,,,,,,2023-05-31 09:49:00-04:00
21,44.04999923706055,44.060001373291016,44.01219940185547,44.029998779296875,44.029998779296875,70587,,,,,,,,2023-05-31 09:50:00-04:00
22,44.029998779296875,44.11000061035156,44.02000045776367,44.06999969482422,44.06999969482422,49141,,,,,,,,2023-05-31 09:51:00-04:00
23,44.072200775146484,44.099998474121094,44.029998779296875,44.03499984741211,44.03499984741211,34754,,,,,,,,2023-05-31 09:52:00-04:00
24,44.040000915527344,44.04999923706055,44.01499938964844,44.029998779296875,44.029998779296875,31662,,,,,,,,2023-05-31 09:53:00-04:00
25,44.03499984741211,44.060001373291016,44.0,44.02000045776367,44.02000045776367,60077,,,,,,,,2023-05-31 09:54:00-04:00
26,44.025001525878906,44.04999923706055,44.0099983215332,44.04999923706055,44.04999923706055,43143,,,,,,,,2023-05-31 09:55:00-04:00
27,44.04999923706055,44.060001373291016,44.02000045776367,44.02909851074219,44.02909851074219,18946,,,,,,,,2023-05-31 09:56:00-04:00
28,44.029998779296875,44.060001373291016,44.0099983215332,44.03499984741211,44.03499984741211,37014,,,,,,,,2023-05-31 09:57:00-04:00
29,44.029998779296875,44.060001373291016,44.02000045776367,44.029998779296875,44.029998779296875,35519,,,,,,,,2023-05-31 09:58:00-04:00
30,44.040000915527344,44.060001373291016,44.0099983215332,44.02000045776367,44.02000045776367,36377,,,,,,,,2023-05-31 09:59:00-04:00
31,44.02000045776367,44.040000915527344,44.0099983215332,44.031700134277344,44.031700134277344,32346,,,,,,,,2023-05-31 10:00:00-04:00
32,43.98500061035156,44.005001068115234,43.91999816894531,43.91999816894531,43.91999816894531,214865,,,,,,,,2023-05-31 10:01:00-04:00
33,43.93000030517578,43.994998931884766,43.929901123046875,43.959999084472656,43.959999084472656,38075,,,,,,,,2023-05-31 10:02:00-04:00
34,43.95000076293945,44.02000045776367,43.900001525878906,44.02000045776367,44.02000045776367,105020,,,,,,,,2023-05-31 10:03:00-04:00
35,44.02000045776367,44.040000915527344,43.9900016784668,43.999900817871094,43.999900817871094,54736,,,,,,,,2023-05-31 10:04:00-04:00
36,43.994998931884766,44.02000045776367,43.97999954223633,44.0099983215332,44.0099983215332,55932,,,,,,,,2023-05-31 10:05:00-04:00
37,44.0,44.007598876953125,43.970001220703125,43.994998931884766,43.994998931884766,26441,,,,,,,,2023-05-31 10:06:00-04:00
38,43.994998931884766,44.04999923706055,43.9900016784668,44.019901275634766,44.019901275634766,35302,,,,,,,,2023-05-31 10:07:00-04:00
39,44.01499938964844,44.02000045776367,43.99729919433594,44.01499938964844,44.01499938964844,14718,,,,,,,,2023-05-31 10:08:00-04:00
40,44.0099983215332,44.0099983215332,43.935001373291016,43.935001373291016,43.935001373291016,49141,,,,,,,,2023-05-31 10:09:00-04:00
41,43.935001373291016,43.974998474121094,43.91999816894531,43.96500015258789,43.96500015258789,31843,,,,,,,,2023-05-31 10:10:00-04:00
42,43.959999084472656,43.959999084472656,43.915000915527344,43.915000915527344,43.915000915527344,55520,,,,,,,,2023-05-31 10:11:00-04:00
43,43.91999816894531,43.935001373291016,43.8849983215332,43.91899871826172,43.91899871826172,49487,,,,,,,,2023-05-31 10:12:00-04:00
44,43.90999984741211,44.0,43.90999984741211,43.9900016784668,43.9900016784668,43771,,,,,,,,2023-05-31 10:13:00-04:00
45,43.97999954223633,44.0099983215332,43.95000076293945,44.001399993896484,44.001399993896484,28357,,,,,,,,2023-05-31 10:14:00-04:00
46,44.0099983215332,44.01499938964844,43.974998474121094,43.994998931884766,43.994998931884766,27597,,,,,,,,2023-05-31 10:15:00-04:00
47,43.9900016784668,44.025001525878906,43.96500015258789,43.9739990234375,43.9739990234375,25759,,,,,,,,2023-05-31 10:16:00-04:00
48,43.96889877319336,44.03499984741211,43.959999084472656,44.0099983215332,44.0099983215332,157531,,,,,,,,2023-05-31 10:17:00-04:00
49,44.0099983215332,44.08000183105469,44.0099983215332,44.029998779296875,44.029998779296875,24998,,,,,,,,2023-05-31 10:18:00-04:00
50,44.040000915527344,44.057701110839844,44.02000045776367,44.025001525878906,44.025001525878906,18996,,,,,,,,2023-05-31 10:19:00-04:00
51,44.02000045776367,44.02000045776367,43.994998931884766,44.0,44.0,82306,,,,,,,,2023-05-31 10:20:00-04:00
52,44.005001068115234,44.0099983215332,43.959999084472656,43.959999084472656,43.959999084472656,35929,,,,,,,,2023-05-31 10:21:00-04:00
53,43.959999084472656,43.998600006103516,43.95000076293945,43.95100021362305,43.95100021362305,20430,,,,,,,,2023-05-31 10:22:00-04:00
54,43.95500183105469,43.959999084472656,43.922000885009766,43.922698974609375,43.922698974609375,29985,,,,,,,,2023-05-31 10:23:00-04:00
55,43.93000030517578,43.96500015258789,43.904998779296875,43.915000915527344,43.915000915527344,30296,,,,,,,,2023-05-31 10:24:00-04:00
56,43.91999816894531,43.95500183105469,43.91999816894531,43.93000030517578,43.93000030517578,15960,,,,,,,,2023-05-31 10:25:00-04:00
57,43.93000030517578,43.93000030517578,43.88999938964844,43.91999816894531,43.91999816894531,19400,,,,,,,,2023-05-31 10:26:00-04:00
58,43.915000915527344,43.959999084472656,43.90999984741211,43.91999816894531,43.91999816894531,33081,,,,,,,,2023-05-31 10:27:00-04:00
59,43.92499923706055,43.939998626708984,43.90999984741211,43.91999816894531,43.91999816894531,19835,,,,,,,,2023-05-31 10:28:00-04:00
60,43.9203987121582,43.939998626708984,43.91999816894531,43.939998626708984,43.939998626708984,8403,,,,,,,,2023-05-31 10:29:00-04:00
61,43.93000030517578,43.95000076293945,43.90999984741211,43.91999816894531,43.91999816894531,55345,,,,,,,,2023-05-31 10:30:00-04:00
62,43.90999984741211,43.96500015258789,43.90999984741211,43.93000030517578,43.93000030517578,49144,,,,,,,,2023-05-31 10:31:00-04:00
63,43.939998626708984,43.939998626708984,43.89500045776367,43.900001525878906,43.900001525878906,75944,,,,,,,,2023-05-31 10:32:00-04:00
64,43.88999938964844,43.935001373291016,43.88999938964844,43.935001373291016,43.935001373291016,35356,,,,,,,,2023-05-31 10:33:00-04:00
65,43.935001373291016,43.95500183105469,43.91999816894531,43.91999816894531,43.91999816894531,30681,,,,,,,,2023-05-31 10:34:00-04:00
66,43.93000030517578,43.93000030517578,43.900001525878906,43.92499923706055,43.92499923706055,18515,,,,,,,,2023-05-31 10:35:00-04:00
67,43.92499923706055,43.939998626708984,43.904998779296875,43.91999816894531,43.91999816894531,21900,,,,,,,,2023-05-31 10:36:00-04:00
68,43.91999816894531,43.935001373291016,43.8650016784668,43.875,43.875,33868,,,,,,,,2023-05-31 10:37:00-04:00
69,43.875,43.935001373291016,43.849998474121094,43.92499923706055,43.92499923706055,36510,,,,,,,,2023-05-31 10:38:00-04:00
70,43.93000030517578,43.93000030517578,43.88999938964844,43.90999984741211,43.90999984741211,21426,,,,,,,,2023-05-31 10:39:00-04:00
71,43.91999816894531,43.91999816894531,43.81999969482422,43.904998779296875,43.904998779296875,102812,,,,,,,,2023-05-31 10:40:00-04:00
72,43.900001525878906,43.900001525878906,43.83000183105469,43.834999084472656,43.834999084472656,19415,,,,,,,,2023-05-31 10:41:00-04:00
73,43.84000015258789,43.86000061035156,43.810001373291016,43.81999969482422,43.81999969482422,27166,,,,,,,,2023-05-31 10:42:00-04:00
74,43.814998626708984,43.834999084472656,43.79999923706055,43.82780075073242,43.82780075073242,29466,,,,,,,,2023-05-31 10:43:00-04:00
75,43.81999969482422,43.849998474121094,43.80500030517578,43.845001220703125,43.845001220703125,35653,,,,,,,,2023-05-31 10:44:00-04:00
76,43.84159851074219,43.90999984741211,43.834999084472656,43.88999938964844,43.88999938964844,39197,,,,,,,,2023-05-31 10:45:00-04:00
77,43.88999938964844,43.89500045776367,43.85499954223633,43.88999938964844,43.88999938964844,21623,,,,,,,,2023-05-31 10:46:00-04:00
78,43.880001068115234,43.88999938964844,43.849998474121094,43.875,43.875,25343,,,,,,,,2023-05-31 10:47:00-04:00
79,43.869998931884766,43.88930130004883,43.84000015258789,43.880001068115234,43.880001068115234,25474,,,,,,,,2023-05-31 10:48:00-04:00
80,43.880001068115234,43.880001068115234,43.834999084472656,43.845001220703125,43.845001220703125,27246,,,,,,,,2023-05-31 10:49:00-04:00
81,43.8400993347168,43.849998474121094,43.82500076293945,43.84659957885742,43.84659957885742,16574,,,,,,,,2023-05-31 10:50:00-04:00
82,43.848899841308594,43.849998474121094,43.79999923706055,43.810001373291016,43.810001373291016,27039,,,,,,,,2023-05-31 10:51:00-04:00
83,43.80149841308594,43.814998626708984,43.779998779296875,43.795799255371094,43.795799255371094,32367,,,,,,,,2023-05-31 10:52:00-04:00
84,43.790000915527344,43.84000015258789,43.78499984741211,43.834999084472656,43.834999084472656,29886,,,,,,,,2023-05-31 10:53:00-04:00
85,43.83000183105469,43.86000061035156,43.810001373291016,43.849998474121094,43.849998474121094,22127,,,,,,,,2023-05-31 10:54:00-04:00
86,43.849998474121094,43.880001068115234,43.84000015258789,43.880001068115234,43.880001068115234,30781,,,,,,,,2023-05-31 10:55:00-04:00
87,43.88999938964844,43.915000915527344,43.88209915161133,43.8849983215332,43.8849983215332,16859,,,,,,,,2023-05-31 10:56:00-04:00
88,43.8849983215332,43.89500045776367,43.849998474121094,43.849998474121094,43.849998474121094,29238,,,,,,,,2023-05-31 10:57:00-04:00
89,43.849998474121094,43.85499954223633,43.79999923706055,43.81999969482422,43.81999969482422,50599,,,,,,,,2023-05-31 10:58:00-04:00
90,43.83000183105469,43.84000015258789,43.81999969482422,43.84000015258789,43.84000015258789,11982,,,,,,,,2023-05-31 10:59:00-04:00
91,43.849998474121094,43.869998931884766,43.81999969482422,43.84989929199219,43.84989929199219,42982,,,,,,,,2023-05-31 11:00:00-04:00
92,43.869998931884766,43.8849983215332,43.86000061035156,43.880001068115234,43.880001068115234,92954,,,,,,,,2023-05-31 11:03:00-04:00
93,43.880001068115234,43.904998779296875,43.869998931884766,43.8849983215332,43.8849983215332,16099,,,,,,,,2023-05-31 11:04:00-04:00
94,43.880001068115234,43.880001068115234,43.849998474121094,43.85499954223633,43.85499954223633,15608,,,,,,,,2023-05-31 11:05:00-04:00
95,43.85599899291992,43.8650016784668,43.845001220703125,43.845001220703125,43.845001220703125,15724,,,,,,,,2023-05-31 11:06:00-04:00
96,43.84640121459961,43.849998474121094,43.810001373291016,43.81999969482422,43.81999969482422,14333,,,,,,,,2023-05-31 11:07:00-04:00
97,43.82500076293945,43.834999084472656,43.81999969482422,43.834999084472656,43.834999084472656,19509,,,,,,,,2023-05-31 11:08:00-04:00
98,43.84000015258789,43.85499954223633,43.77000045776367,43.77000045776367,43.77000045776367,38384,,,,,,,,2023-05-31 11:09:00-04:00
99,43.775001525878906,43.790000915527344,43.75,43.77000045776367,43.77000045776367,44376,,,,,,,,2023-05-31 11:10:00-04:00
100,43.77000045776367,43.77000045776367,43.75,43.7599983215332,43.7599983215332,13040,,,,,,,,2023-05-31 11:11:00-04:00
101,43.76499938964844,43.79999923706055,43.76499938964844,43.77410125732422,43.77410125732422,21713,,,,,,,,2023-05-31 11:12:00-04:00
102,43.779998779296875,43.814998626708984,43.779998779296875,43.814998626708984,43.814998626708984,20246,,,,,,,,2023-05-31 11:13:00-04:00
103,43.80780029296875,43.834999084472656,43.80780029296875,43.834999084472656,43.834999084472656,7719,,,,,,,,2023-05-31 11:14:00-04:00
104,43.84000015258789,43.86000061035156,43.81999969482422,43.81999969482422,43.81999969482422,25590,,,,,,,,2023-05-31 11:15:00-04:00
105,43.81800079345703,43.84000015258789,43.799598693847656,43.83000183105469,43.83000183105469,25249,,,,,,,,2023-05-31 11:16:00-04:00
106,43.81999969482422,43.900001525878906,43.81999969482422,43.900001525878906,43.900001525878906,32348,,,,,,,,2023-05-31 11:17:00-04:00
107,43.907100677490234,43.95000076293945,43.904998779296875,43.919898986816406,43.919898986816406,18174,,,,,,,,2023-05-31 11:18:00-04:00
108,43.90999984741211,43.920101165771484,43.904998779296875,43.910499572753906,43.910499572753906,15025,,,,,,,,2023-05-31 11:19:00-04:00
109,43.91999816894531,43.959999084472656,43.90999984741211,43.935699462890625,43.935699462890625,28870,,,,,,,,2023-05-31 11:20:00-04:00
110,43.93000030517578,43.95000076293945,43.91999816894531,43.95000076293945,43.95000076293945,16590,,,,,,,,2023-05-31 11:21:00-04:00
111,43.939998626708984,43.94499969482422,43.8849983215332,43.88999938964844,43.88999938964844,40520,,,,,,,,2023-05-31 11:22:00-04:00
112,43.899898529052734,43.90999984741211,43.875,43.875,43.875,19681,,,,,,,,2023-05-31 11:23:00-04:00
113,43.872100830078125,43.89500045776367,43.869998931884766,43.890098571777344,43.890098571777344,17703,,,,,,,,2023-05-31 11:24:00-04:00
114,43.89500045776367,43.915000915527344,43.891700744628906,43.90999984741211,43.90999984741211,11898,,,,,,,,2023-05-31 11:25:00-04:00
115,43.880001068115234,43.880001068115234,43.86000061035156,43.86000061035156,43.86000061035156,49890,,,,,,,,2023-05-31 11:27:00-04:00
116,43.86000061035156,43.86000061035156,43.82500076293945,43.82500076293945,43.82500076293945,17783,,,,,,,,2023-05-31 11:28:00-04:00
117,43.81999969482422,43.81999969482422,43.790000915527344,43.79330062866211,43.79330062866211,24686,,,,,,,,2023-05-31 11:29:00-04:00
118,43.79999923706055,43.81999969482422,43.790000915527344,43.810001373291016,43.810001373291016,14473,,,,,,,,2023-05-31 11:30:00-04:00
119,43.810001373291016,43.86000061035156,43.80500030517578,43.84920120239258,43.84920120239258,21984,,,,,,,,2023-05-31 11:31:00-04:00
120,43.849998474121094,43.880001068115234,43.845699310302734,43.880001068115234,43.880001068115234,13307,,,,,,,,2023-05-31 11:32:00-04:00
121,43.869998931884766,43.880001068115234,43.86000061035156,43.869998931884766,43.869998931884766,23838,,,,,,,,2023-05-31 11:33:00-04:00
122,43.875,43.900001525878906,43.869998931884766,43.87919998168945,43.87919998168945,22557,,,,,,,,2023-05-31 11:34:00-04:00
123,43.875,43.880001068115234,43.845001220703125,43.845001220703125,43.845001220703125,12206,,,,,,,,2023-05-31 11:35:00-04:00
124,43.845001220703125,43.849998474121094,43.83000183105469,43.834999084472656,43.834999084472656,6053,,,,,,,,2023-05-31 11:36:00-04:00
125,43.834999084472656,43.869998931884766,43.834999084472656,43.849998474121094,43.849998474121094,25293,,,,,,,,2023-05-31 11:37:00-04:00
126,43.845001220703125,43.869998931884766,43.83000183105469,43.845001220703125,43.845001220703125,26592,,,,,,,,2023-05-31 11:38:00-04:00
127,43.845001220703125,43.869998931884766,43.845001220703125,43.85499954223633,43.85499954223633,26838,,,,,,,,2023-05-31 11:39:00-04:00
128,43.859500885009766,43.869998931884766,43.84000015258789,43.845001220703125,43.845001220703125,21125,,,,,,,,2023-05-31 11:40:00-04:00
129,43.845001220703125,43.86000061035156,43.84000015258789,43.845001220703125,43.845001220703125,13722,,,,,,,,2023-05-31 11:41:00-04:00
130,43.845001220703125,43.845001220703125,43.810001373291016,43.81999969482422,43.81999969482422,24213,,,,,,,,2023-05-31 11:42:00-04:00
131,43.82500076293945,43.875,43.82500076293945,43.8650016784668,43.8650016784668,33316,,,,,,,,2023-05-31 11:43:00-04:00
132,43.86399841308594,43.86399841308594,43.79999923706055,43.81999969482422,43.81999969482422,55121,,,,,,,,2023-05-31 11:44:00-04:00
133,43.82170104980469,43.85499954223633,43.81999969482422,43.834999084472656,43.834999084472656,31475,,,,,,,,2023-05-31 11:45:00-04:00
134,43.834999084472656,43.83679962158203,43.790000915527344,43.810001373291016,43.810001373291016,59633,,,,,,,,2023-05-31 11:46:00-04:00
135,43.80500030517578,43.81999969482422,43.790000915527344,43.79499816894531,43.79499816894531,20269,,,,,,,,2023-05-31 11:47:00-04:00
136,43.790000915527344,43.79199981689453,43.7599983215332,43.775001525878906,43.775001525878906,25359,,,,,,,,2023-05-31 11:48:00-04:00
137,43.77399826049805,43.775001525878906,43.75,43.7599983215332,43.7599983215332,16885,,,,,,,,2023-05-31 11:49:00-04:00
138,43.7599983215332,43.7599983215332,43.709999084472656,43.709999084472656,43.709999084472656,42168,,,,,,,,2023-05-31 11:50:00-04:00
139,43.709999084472656,43.755001068115234,43.709999084472656,43.7400016784668,43.7400016784668,20658,,,,,,,,2023-05-31 11:51:00-04:00
140,43.744998931884766,43.77000045776367,43.7244987487793,43.76599884033203,43.76599884033203,21595,,,,,,,,2023-05-31 11:52:00-04:00
141,43.77000045776367,43.78499984741211,43.75,43.78499984741211,43.78499984741211,21042,,,,,,,,2023-05-31 11:53:00-04:00
142,43.82899856567383,43.84000015258789,43.820098876953125,43.82500076293945,43.82500076293945,44857,,,,,,,,2023-05-31 11:55:00-04:00
143,43.81999969482422,43.8578987121582,43.814998626708984,43.834999084472656,43.834999084472656,16551,,,,,,,,2023-05-31 11:56:00-04:00
144,43.83000183105469,43.84000015258789,43.814998626708984,43.814998626708984,43.814998626708984,9198,,,,,,,,2023-05-31 11:57:00-04:00
145,43.814998626708984,43.82500076293945,43.796199798583984,43.813201904296875,43.813201904296875,18453,,,,,,,,2023-05-31 11:58:00-04:00
146,43.819000244140625,43.83000183105469,43.790000915527344,43.82600021362305,43.82600021362305,22632,,,,,,,,2023-05-31 11:59:00-04:00
147,43.82500076293945,43.849998474121094,43.82500076293945,43.834999084472656,43.834999084472656,33605,,,,,,,,2023-05-31 12:00:00-04:00
148,43.83000183105469,43.849998474121094,43.82099914550781,43.834999084472656,43.834999084472656,10091,,,,,,,,2023-05-31 12:01:00-04:00
149,43.84000015258789,43.919898986816406,43.834999084472656,43.915000915527344,43.915000915527344,13550,,,,,,,,2023-05-31 12:02:00-04:00
150,43.91999816894531,43.92499923706055,43.880001068115234,43.880401611328125,43.880401611328125,25667,,,,,,,,2023-05-31 12:03:00-04:00
151,43.880001068115234,43.904998779296875,43.86000061035156,43.904998779296875,43.904998779296875,11339,,,,,,,,2023-05-31 12:04:00-04:00
152,43.904998779296875,43.904998779296875,43.880001068115234,43.904998779296875,43.904998779296875,9847,,,,,,,,2023-05-31 12:05:00-04:00
153,43.904998779296875,43.904998779296875,43.869998931884766,43.8849983215332,43.8849983215332,13794,,,,,,,,2023-05-31 12:06:00-04:00
154,43.880001068115234,43.89500045776367,43.86000061035156,43.86000061035156,43.86000061035156,18426,,,,,,,,2023-05-31 12:07:00-04:00
155,43.8650016784668,43.8650016784668,43.82500076293945,43.83000183105469,43.83000183105469,9238,,,,,,,,2023-05-31 12:08:00-04:00
156,43.83000183105469,43.834999084472656,43.81999969482422,43.834999084472656,43.834999084472656,14840,,,,,,,,2023-05-31 12:09:00-04:00
157,43.8224983215332,43.85499954223633,43.8224983215332,43.85499954223633,43.85499954223633,16184,,,,,,,,2023-05-31 12:10:00-04:00
158,43.85499954223633,43.869998931884766,43.84000015258789,43.84000015258789,43.84000015258789,8593,,,,,,,,2023-05-31 12:11:00-04:00
159,43.845001220703125,43.849998474121094,43.79999923706055,43.83000183105469,43.83000183105469,18970,,,,,,,,2023-05-31 12:12:00-04:00
160,43.82400131225586,43.84000015258789,43.810001373291016,43.814998626708984,43.814998626708984,19992,,,,,,,,2023-05-31 12:13:00-04:00
161,43.810001373291016,43.849998474121094,43.79999923706055,43.845001220703125,43.845001220703125,34995,,,,,,,,2023-05-31 12:14:00-04:00
162,43.845001220703125,43.8849983215332,43.845001220703125,43.880001068115234,43.880001068115234,23937,,,,,,,,2023-05-31 12:15:00-04:00
163,43.880001068115234,43.880001068115234,43.85499954223633,43.85499954223633,43.85499954223633,68849,,,,,,,,2023-05-31 12:16:00-04:00
164,43.85499954223633,43.89680099487305,43.85499954223633,43.89500045776367,43.89500045776367,23460,,,,,,,,2023-05-31 12:17:00-04:00
165,43.89500045776367,43.90999984741211,43.849998474121094,43.86000061035156,43.86000061035156,18046,,,,,,,,2023-05-31 12:18:00-04:00
166,43.8650016784668,43.900001525878906,43.86240005493164,43.89500045776367,43.89500045776367,20400,,,,,,,,2023-05-31 12:19:00-04:00
167,43.89500045776367,43.90999984741211,43.880001068115234,43.8849983215332,43.8849983215332,20228,,,,,,,,2023-05-31 12:20:00-04:00
168,43.8849983215332,43.915000915527344,43.880001068115234,43.90999984741211,43.90999984741211,18531,,,,,,,,2023-05-31 12:21:00-04:00
169,43.90999984741211,43.93009948730469,43.90010070800781,43.93000030517578,43.93000030517578,26796,,,,,,,,2023-05-31 12:22:00-04:00
170,43.92499923706055,43.935001373291016,43.89500045776367,43.935001373291016,43.935001373291016,19482,,,,,,,,2023-05-31 12:23:00-04:00
171,43.939998626708984,44.01499938964844,43.935001373291016,44.005001068115234,44.005001068115234,60913,,,,,,,,2023-05-31 12:24:00-04:00
172,44.005001068115234,44.005001068115234,43.970001220703125,43.98759841918945,43.98759841918945,25138,,,,,,,,2023-05-31 12:25:00-04:00
173,43.98500061035156,44.025001525878906,43.98500061035156,44.02000045776367,44.02000045776367,13864,,,,,,,,2023-05-31 12:26:00-04:00
174,44.025001525878906,44.025001525878906,43.97999954223633,44.005001068115234,44.005001068115234,32058,,,,,,,,2023-05-31 12:27:00-04:00
175,44.0,44.029998779296875,44.0,44.02000045776367,44.02000045776367,16687,,,,,,,,2023-05-31 12:28:00-04:00
176,44.01499938964844,44.040000915527344,44.01490020751953,44.025001525878906,44.025001525878906,11178,,,,,,,,2023-05-31 12:29:00-04:00
177,44.025001525878906,44.029998779296875,44.0,44.015899658203125,44.015899658203125,23299,,,,,,,,2023-05-31 12:30:00-04:00
178,44.02000045776367,44.029998779296875,43.980098724365234,43.994998931884766,43.994998931884766,11619,,,,,,,,2023-05-31 12:31:00-04:00
179,43.994998931884766,44.0,43.970001220703125,43.974998474121094,43.974998474121094,15036,,,,,,,,2023-05-31 12:32:00-04:00
180,43.974998474121094,43.974998474121094,43.93000030517578,43.95500183105469,43.95500183105469,39544,,,,,,,,2023-05-31 12:33:00-04:00
181,43.959999084472656,43.974998474121094,43.94449996948242,43.95500183105469,43.95500183105469,29904,,,,,,,,2023-05-31 12:34:00-04:00
182,43.95000076293945,43.95500183105469,43.91999816894531,43.935001373291016,43.935001373291016,35630,,,,,,,,2023-05-31 12:35:00-04:00
183,43.939998626708984,43.95000076293945,43.93000030517578,43.94499969482422,43.94499969482422,9216,,,,,,,,2023-05-31 12:36:00-04:00
184,43.94499969482422,43.95500183105469,43.939998626708984,43.939998626708984,43.939998626708984,10069,,,,,,,,2023-05-31 12:37:00-04:00
185,43.939998626708984,43.97999954223633,43.93000030517578,43.97999954223633,43.97999954223633,15416,,,,,,,,2023-05-31 12:38:00-04:00
186,43.97999954223633,43.98500061035156,43.939998626708984,43.959999084472656,43.959999084472656,9583,,,,,,,,2023-05-31 12:39:00-04:00
187,43.959999084472656,43.970001220703125,43.94499969482422,43.970001220703125,43.970001220703125,15406,,,,,,,,2023-05-31 12:40:00-04:00
188,43.97999954223633,44.02000045776367,43.97999954223633,44.005001068115234,44.005001068115234,14951,,,,,,,,2023-05-31 12:41:00-04:00
189,43.999698638916016,44.04180145263672,43.99250030517578,44.04180145263672,44.04180145263672,57690,,,,,,,,2023-05-31 12:42:00-04:00
190,44.040000915527344,44.040000915527344,44.0,44.02000045776367,44.02000045776367,30730,,,,,,,,2023-05-31 12:43:00-04:00
191,44.02000045776367,44.027099609375,44.0099983215332,44.025001525878906,44.025001525878906,13699,,,,,,,,2023-05-31 12:44:00-04:00
192,44.029998779296875,44.04499816894531,44.0,44.0099983215332,44.0099983215332,22682,,,,,,,,2023-05-31 12:45:00-04:00
193,44.02000045776367,44.03499984741211,44.02000045776367,44.02000045776367,44.02000045776367,12761,,,,,,,,2023-05-31 12:46:00-04:00
194,44.029998779296875,44.084999084472656,44.029998779296875,44.08000183105469,44.08000183105469,26464,,,,,,,,2023-05-31 12:47:00-04:00
195,44.08000183105469,44.10499954223633,44.08000183105469,44.103599548339844,44.103599548339844,25835,,,,,,,,2023-05-31 12:48:00-04:00
196,44.10409927368164,44.1150016784668,44.080101013183594,44.09000015258789,44.09000015258789,25681,,,,,,,,2023-05-31 12:49:00-04:00
197,44.095001220703125,44.095001220703125,44.060001373291016,44.064998626708984,44.064998626708984,10839,,,,,,,,2023-05-31 12:50:00-04:00
198,44.060001373291016,44.060001373291016,44.0099983215332,44.0099983215332,44.0099983215332,20686,,,,,,,,2023-05-31 12:51:00-04:00
199,44.01499938964844,44.025001525878906,43.97999954223633,44.01499938964844,44.01499938964844,39241,,,,,,,,2023-05-31 12:52:00-04:00
200,44.01060104370117,44.05500030517578,44.0099983215332,44.0432014465332,44.0432014465332,15887,,,,,,,,2023-05-31 12:53:00-04:00
201,44.04499816894531,44.04499816894531,44.0099983215332,44.02000045776367,44.02000045776367,13489,,,,,,,,2023-05-31 12:54:00-04:00
202,44.01499938964844,44.02980041503906,44.0099983215332,44.02000045776367,44.02000045776367,9945,,,,,,,,2023-05-31 12:55:00-04:00
203,44.025001525878906,44.060001373291016,44.02000045776367,44.029998779296875,44.029998779296875,14651,,,,,,,,2023-05-31 12:56:00-04:00
204,44.029998779296875,44.03499984741211,44.01499938964844,44.03499984741211,44.03499984741211,2695,,,,,,,,2023-05-31 12:57:00-04:00
205,44.040000915527344,44.04999923706055,44.040000915527344,44.04499816894531,44.04499816894531,11686,,,,,,,,2023-05-31 12:58:00-04:00
206,44.04999923706055,44.064998626708984,44.040000915527344,44.05500030517578,44.05500030517578,41830,,,,,,,,2023-05-31 12:59:00-04:00
207,44.05500030517578,44.06999969482422,44.029998779296875,44.029998779296875,44.029998779296875,35029,,,,,,,,2023-05-31 13:00:00-04:00
208,44.03499984741211,44.064998626708984,44.025001525878906,44.064998626708984,44.064998626708984,14257,,,,,,,,2023-05-31 13:01:00-04:00
209,44.064998626708984,44.08000183105469,44.05500030517578,44.08000183105469,44.08000183105469,13614,,,,,,,,2023-05-31 13:02:00-04:00
210,44.06999969482422,44.08000183105469,44.05540084838867,44.08000183105469,44.08000183105469,12251,,,,,,,,2023-05-31 13:03:00-04:00
211,44.06999969482422,44.099998474121094,44.060001373291016,44.093101501464844,44.093101501464844,15762,,,,,,,,2023-05-31 13:04:00-04:00
212,44.095001220703125,44.10499954223633,44.08000183105469,44.084999084472656,44.084999084472656,18165,,,,,,,,2023-05-31 13:05:00-04:00
213,44.084999084472656,44.095001220703125,44.08000183105469,44.084999084472656,44.084999084472656,22594,,,,,,,,2023-05-31 13:06:00-04:00
214,44.08000183105469,44.096099853515625,44.06999969482422,44.095001220703125,44.095001220703125,29766,,,,,,,,2023-05-31 13:07:00-04:00
215,44.09000015258789,44.11000061035156,44.09000015258789,44.099998474121094,44.099998474121094,8894,,,,,,,,2023-05-31 13:08:00-04:00
216,44.104801177978516,44.130001068115234,44.100101470947266,44.1150016784668,44.1150016784668,16713,,,,,,,,2023-05-31 13:09:00-04:00
217,44.11000061035156,44.1150016784668,44.08729934692383,44.099998474121094,44.099998474121094,16937,,,,,,,,2023-05-31 13:10:00-04:00
218,44.10499954223633,44.11750030517578,44.102298736572266,44.1150016784668,44.1150016784668,24422,,,,,,,,2023-05-31 13:11:00-04:00
219,44.119998931884766,44.1349983215332,44.1150016784668,44.12990188598633,44.12990188598633,28862,,,,,,,,2023-05-31 13:12:00-04:00
220,44.12649917602539,44.13999938964844,44.125,44.1349983215332,44.1349983215332,9146,,,,,,,,2023-05-31 13:13:00-04:00
221,44.1349983215332,44.1349983215332,44.11000061035156,44.11000061035156,44.11000061035156,21493,,,,,,,,2023-05-31 13:14:00-04:00
222,44.104000091552734,44.1171989440918,44.104000091552734,44.1150016784668,44.1150016784668,3795,,,,,,,,2023-05-31 13:15:00-04:00
223,44.141998291015625,44.14979934692383,44.13999938964844,44.140098571777344,44.140098571777344,23360,,,,,,,,2023-05-31 13:16:00-04:00
224,44.14500045776367,44.15999984741211,44.1421012878418,44.15299987792969,44.15299987792969,19327,,,,,,,,2023-05-31 13:17:00-04:00
225,44.15999984741211,44.15999984741211,44.099998474121094,44.1150016784668,44.1150016784668,20317,,,,,,,,2023-05-31 13:18:00-04:00
226,44.11009979248047,44.130001068115234,44.11000061035156,44.119998931884766,44.119998931884766,18929,,,,,,,,2023-05-31 13:19:00-04:00
227,44.11000061035156,44.119998931884766,44.084999084472656,44.099998474121094,44.099998474121094,44208,,,,,,,,2023-05-31 13:20:00-04:00
228,44.099998474121094,44.119998931884766,44.099998474121094,44.10340118408203,44.10340118408203,12952,,,,,,,,2023-05-31 13:21:00-04:00
229,44.11000061035156,44.138099670410156,44.11000061035156,44.119998931884766,44.119998931884766,12130,,,,,,,,2023-05-31 13:22:00-04:00
230,44.11000061035156,44.14590072631836,44.106300354003906,44.136199951171875,44.136199951171875,15589,,,,,,,,2023-05-31 13:23:00-04:00
231,44.14500045776367,44.150001525878906,44.119998931884766,44.119998931884766,44.119998931884766,11824,,,,,,,,2023-05-31 13:24:00-04:00
232,44.130001068115234,44.150001525878906,44.130001068115234,44.14500045776367,44.14500045776367,9928,,,,,,,,2023-05-31 13:25:00-04:00
233,44.14500045776367,44.14500045776367,44.099998474121094,44.119998931884766,44.119998931884766,65187,,,,,,,,2023-05-31 13:26:00-04:00
234,44.119998931884766,44.130001068115234,44.09000015258789,44.099998474121094,44.099998474121094,11037,,,,,,,,2023-05-31 13:27:00-04:00
235,44.10499954223633,44.130001068115234,44.095001220703125,44.119998931884766,44.119998931884766,14212,,,,,,,,2023-05-31 13:28:00-04:00
236,44.125,44.130001068115234,44.11000061035156,44.119998931884766,44.119998931884766,8858,,,,,,,,2023-05-31 13:29:00-04:00
237,44.119998931884766,44.1349983215332,44.09000015258789,44.1171989440918,44.1171989440918,20598,,,,,,,,2023-05-31 13:30:00-04:00
238,44.1150016784668,44.119998931884766,44.11000061035156,44.1150016784668,44.1150016784668,3103,,,,,,,,2023-05-31 13:31:00-04:00
239,44.119998931884766,44.1349983215332,44.095001220703125,44.095001220703125,44.095001220703125,31258,,,,,,,,2023-05-31 13:32:00-04:00
240,44.09920120239258,44.10499954223633,44.095001220703125,44.099998474121094,44.099998474121094,8547,,,,,,,,2023-05-31 13:33:00-04:00
241,44.10499954223633,44.125,44.099998474121094,44.11000061035156,44.11000061035156,8557,,,,,,,,2023-05-31 13:34:00-04:00
242,44.11000061035156,44.130001068115234,44.060001373291016,44.06999969482422,44.06999969482422,25952,,,,,,,,2023-05-31 13:35:00-04:00
243,44.07500076293945,44.07500076293945,44.02000045776367,44.02000045776367,44.02000045776367,54105,,,,,,,,2023-05-31 13:36:00-04:00
244,44.029998779296875,44.060001373291016,44.0,44.040000915527344,44.040000915527344,46389,,,,,,,,2023-05-31 13:37:00-04:00
245,44.040000915527344,44.08000183105469,44.040000915527344,44.07500076293945,44.07500076293945,30267,,,,,,,,2023-05-31 13:38:00-04:00
246,44.07500076293945,44.130001068115234,44.07500076293945,44.125,44.125,16047,,,,,,,,2023-05-31 13:39:00-04:00
247,44.130001068115234,44.15999984741211,44.099998474121094,44.099998474121094,44.099998474121094,68607,,,,,,,,2023-05-31 13:40:00-04:00
248,44.10499954223633,44.13999938964844,44.10499954223633,44.1349983215332,44.1349983215332,14573,,,,,,,,2023-05-31 13:41:00-04:00
249,44.1349983215332,44.149898529052734,44.130001068115234,44.14500045776367,44.14500045776367,6911,,,,,,,,2023-05-31 13:42:00-04:00
250,44.150001525878906,44.16999816894531,44.10499954223633,44.11000061035156,44.11000061035156,23132,,,,,,,,2023-05-31 13:43:00-04:00
251,44.11000061035156,44.130001068115234,44.08000183105469,44.084999084472656,44.084999084472656,13240,,,,,,,,2023-05-31 13:44:00-04:00
252,44.08000183105469,44.1150016784668,44.06999969482422,44.06999969482422,44.06999969482422,29266,,,,,,,,2023-05-31 13:45:00-04:00
253,44.06999969482422,44.06999969482422,44.029998779296875,44.05500030517578,44.05500030517578,54983,,,,,,,,2023-05-31 13:46:00-04:00
254,44.060001373291016,44.084999084472656,44.060001373291016,44.07500076293945,44.07500076293945,12032,,,,,,,,2023-05-31 13:47:00-04:00
255,44.08000183105469,44.09000015258789,44.04999923706055,44.060001373291016,44.060001373291016,8504,,,,,,,,2023-05-31 13:48:00-04:00
256,44.05500030517578,44.060001373291016,44.02000045776367,44.02000045776367,44.02000045776367,13200,,,,,,,,2023-05-31 13:49:00-04:00
257,44.02000045776367,44.04999923706055,44.02000045776367,44.04499816894531,44.04499816894531,25004,,,,,,,,2023-05-31 13:50:00-04:00
258,44.04520034790039,44.07780075073242,44.04499816894531,44.07500076293945,44.07500076293945,14316,,,,,,,,2023-05-31 13:51:00-04:00
259,44.08000183105469,44.099998474121094,44.06999969482422,44.084999084472656,44.084999084472656,29350,,,,,,,,2023-05-31 13:52:00-04:00
260,44.099998474121094,44.10499954223633,44.08000183105469,44.10499954223633,44.10499954223633,13076,,,,,,,,2023-05-31 13:53:00-04:00
261,44.10499954223633,44.10900115966797,44.084999084472656,44.09000015258789,44.09000015258789,15568,,,,,,,,2023-05-31 13:54:00-04:00
262,44.095001220703125,44.130001068115234,44.09000015258789,44.125,44.125,13563,,,,,,,,2023-05-31 13:55:00-04:00
263,44.119998931884766,44.119998931884766,44.07500076293945,44.10499954223633,44.10499954223633,8842,,,,,,,,2023-05-31 13:56:00-04:00
264,44.11000061035156,44.125,44.10499954223633,44.11389923095703,44.11389923095703,8254,,,,,,,,2023-05-31 13:57:00-04:00
265,44.119998931884766,44.14500045776367,44.119998931884766,44.1349983215332,44.1349983215332,11649,,,,,,,,2023-05-31 13:58:00-04:00
266,44.1349983215332,44.13999938964844,44.130001068115234,44.1349983215332,44.1349983215332,2973,,,,,,,,2023-05-31 13:59:00-04:00
267,44.13999938964844,44.14500045776367,44.119998931884766,44.125,44.125,20235,,,,,,,,2023-05-31 14:00:00-04:00
268,44.130001068115234,44.1349983215332,44.119998931884766,44.125,44.125,5696,,,,,,,,2023-05-31 14:01:00-04:00
269,44.125,44.15999984741211,44.11000061035156,44.15999984741211,44.15999984741211,22478,,,,,,,,2023-05-31 14:02:00-04:00
270,44.154998779296875,44.154998779296875,44.119998931884766,44.119998931884766,44.119998931884766,30729,,,,,,,,2023-05-31 14:03:00-04:00
271,44.125,44.14500045776367,44.125,44.1338005065918,44.1338005065918,9751,,,,,,,,2023-05-31 14:04:00-04:00
272,44.13999938964844,44.14690017700195,44.13999938964844,44.14500045776367,44.14500045776367,4522,,,,,,,,2023-05-31 14:05:00-04:00
273,44.14500045776367,44.150001525878906,44.09000015258789,44.099998474121094,44.099998474121094,32230,,,,,,,,2023-05-31 14:06:00-04:00
274,44.099998474121094,44.125,44.09000015258789,44.119998931884766,44.119998931884766,20012,,,,,,,,2023-05-31 14:07:00-04:00
275,44.11000061035156,44.11000061035156,44.090999603271484,44.095001220703125,44.095001220703125,5786,,,,,,,,2023-05-31 14:08:00-04:00
276,44.095001220703125,44.125,44.095001220703125,44.10499954223633,44.10499954223633,19478,,,,,,,,2023-05-31 14:09:00-04:00
277,44.10499954223633,44.119998931884766,44.10499954223633,44.1150016784668,44.1150016784668,14490,,,,,,,,2023-05-31 14:10:00-04:00
278,44.1150016784668,44.1150016784668,44.08000183105469,44.08000183105469,44.08000183105469,12339,,,,,,,,2023-05-31 14:11:00-04:00
279,44.07500076293945,44.089900970458984,44.06999969482422,44.084999084472656,44.084999084472656,17865,,,,,,,,2023-05-31 14:12:00-04:00
280,44.08000183105469,44.099998474121094,44.06999969482422,44.08000183105469,44.08000183105469,18369,,,,,,,,2023-05-31 14:13:00-04:00
281,44.084999084472656,44.11000061035156,44.08000183105469,44.10770034790039,44.10770034790039,19014,,,,,,,,2023-05-31 14:14:00-04:00
282,44.10499954223633,44.13999938964844,44.099998474121094,44.119998931884766,44.119998931884766,14346,,,,,,,,2023-05-31 14:15:00-04:00
283,44.119998931884766,44.119998931884766,44.060001373291016,44.06999969482422,44.06999969482422,34123,,,,,,,,2023-05-31 14:16:00-04:00
284,44.06999969482422,44.095001220703125,44.06999969482422,44.084999084472656,44.084999084472656,16591,,,,,,,,2023-05-31 14:17:00-04:00
285,44.08000183105469,44.09000015258789,44.060001373291016,44.08000183105469,44.08000183105469,38612,,,,,,,,2023-05-31 14:18:00-04:00
286,44.09000015258789,44.11000061035156,44.084999084472656,44.10499954223633,44.10499954223633,15050,,,,,,,,2023-05-31 14:19:00-04:00
287,44.10499954223633,44.10499954223633,44.084999084472656,44.095001220703125,44.095001220703125,7668,,,,,,,,2023-05-31 14:20:00-04:00
288,44.099998474121094,44.116600036621094,44.0900993347168,44.116600036621094,44.116600036621094,6434,,,,,,,,2023-05-31 14:21:00-04:00
289,44.1150016784668,44.13999938964844,44.11000061035156,44.125,44.125,31849,,,,,,,,2023-05-31 14:22:00-04:00
290,44.130001068115234,44.150001525878906,44.119998931884766,44.125,44.125,16697,,,,,,,,2023-05-31 14:23:00-04:00
291,44.130001068115234,44.15999984741211,44.114601135253906,44.154998779296875,44.154998779296875,23378,,,,,,,,2023-05-31 14:24:00-04:00
292,44.150001525878906,44.150001525878906,44.11000061035156,44.125,44.125,18365,,,,,,,,2023-05-31 14:25:00-04:00
293,44.130001068115234,44.14500045776367,44.124000549316406,44.1349983215332,44.1349983215332,14669,,,,,,,,2023-05-31 14:26:00-04:00
294,44.1349983215332,44.14500045776367,44.111000061035156,44.1150016784668,44.1150016784668,14634,,,,,,,,2023-05-31 14:27:00-04:00
295,44.119998931884766,44.13999938964844,44.119998931884766,44.125,44.125,13684,,,,,,,,2023-05-31 14:28:00-04:00
296,44.130001068115234,44.13999938964844,44.1150016784668,44.1150016784668,44.1150016784668,7829,,,,,,,,2023-05-31 14:29:00-04:00
297,44.119998931884766,44.13999938964844,44.11000061035156,44.1150016784668,44.1150016784668,10251,,,,,,,,2023-05-31 14:30:00-04:00
298,44.119998931884766,44.119998931884766,44.09000015258789,44.095001220703125,44.095001220703125,10442,,,,,,,,2023-05-31 14:31:00-04:00
299,44.095001220703125,44.11000061035156,44.095001220703125,44.11000061035156,44.11000061035156,6405,,,,,,,,2023-05-31 14:32:00-04:00
300,44.11000061035156,44.11000061035156,44.09000015258789,44.09400177001953,44.09400177001953,13732,,,,,,,,2023-05-31 14:33:00-04:00
301,44.09880065917969,44.11000061035156,44.084999084472656,44.084999084472656,44.084999084472656,15438,,,,,,,,2023-05-31 14:34:00-04:00
302,44.09000015258789,44.09000015258789,44.04999923706055,44.08980178833008,44.08980178833008,51753,,,,,,,,2023-05-31 14:35:00-04:00
303,44.08449935913086,44.150001525878906,44.08000183105469,44.119998931884766,44.119998931884766,92797,,,,,,,,2023-05-31 14:36:00-04:00
304,44.119998931884766,44.125,44.10499954223633,44.119998931884766,44.119998931884766,8875,,,,,,,,2023-05-31 14:37:00-04:00
305,44.1150016784668,44.125,44.10100173950195,44.10499954223633,44.10499954223633,10111,,,,,,,,2023-05-31 14:38:00-04:00
306,44.11000061035156,44.130001068115234,44.11000061035156,44.1150016784668,44.1150016784668,19626,,,,,,,,2023-05-31 14:39:00-04:00
307,44.119998931884766,44.119998931884766,44.099998474121094,44.119998931884766,44.119998931884766,20969,,,,,,,,2023-05-31 14:40:00-04:00
308,44.1150016784668,44.125,44.099998474121094,44.099998474121094,44.099998474121094,17032,,,,,,,,2023-05-31 14:41:00-04:00
309,44.11000061035156,44.154998779296875,44.11000061035156,44.154998779296875,44.154998779296875,18020,,,,,,,,2023-05-31 14:42:00-04:00
310,44.154998779296875,44.15909957885742,44.130001068115234,44.1349983215332,44.1349983215332,34371,,,,,,,,2023-05-31 14:43:00-04:00
311,44.13529968261719,44.150001525878906,44.1349983215332,44.1349983215332,44.1349983215332,17410,,,,,,,,2023-05-31 14:44:00-04:00
312,44.13330078125,44.14500045776367,44.09000015258789,44.099998474121094,44.099998474121094,19488,,,,,,,,2023-05-31 14:45:00-04:00
313,44.095001220703125,44.11000061035156,44.08100128173828,44.08100128173828,44.08100128173828,22767,,,,,,,,2023-05-31 14:46:00-04:00
314,44.09000015258789,44.10499954223633,44.08039855957031,44.10499954223633,44.10499954223633,16281,,,,,,,,2023-05-31 14:47:00-04:00
315,44.10499954223633,44.10499954223633,44.09000015258789,44.099998474121094,44.099998474121094,169165,,,,,,,,2023-05-31 14:48:00-04:00
316,44.099998474121094,44.125,44.08000183105469,44.1150016784668,44.1150016784668,85378,,,,,,,,2023-05-31 14:49:00-04:00
317,44.1150016784668,44.130001068115234,44.08000183105469,44.09000015258789,44.09000015258789,70553,,,,,,,,2023-05-31 14:50:00-04:00
318,44.099998474121094,44.125,44.08000183105469,44.084999084472656,44.084999084472656,82546,,,,,,,,2023-05-31 14:51:00-04:00
319,44.084999084472656,44.11000061035156,44.084999084472656,44.095001220703125,44.095001220703125,41093,,,,,,,,2023-05-31 14:52:00-04:00
320,44.099998474121094,44.11000061035156,44.09000015258789,44.09000015258789,44.09000015258789,167421,,,,,,,,2023-05-31 14:53:00-04:00
321,44.095001220703125,44.130001068115234,44.0900993347168,44.130001068115234,44.130001068115234,12813,,,,,,,,2023-05-31 14:54:00-04:00
322,44.130001068115234,44.13999938964844,44.119998931884766,44.130001068115234,44.130001068115234,26063,,,,,,,,2023-05-31 14:55:00-04:00
323,44.125,44.13999938964844,44.125,44.1349983215332,44.1349983215332,5841,,,,,,,,2023-05-31 14:56:00-04:00
324,44.1349983215332,44.15999984741211,44.1349983215332,44.150001525878906,44.150001525878906,38504,,,,,,,,2023-05-31 14:57:00-04:00
325,44.154998779296875,44.16999816894531,44.154998779296875,44.16999816894531,44.16999816894531,13427,,,,,,,,2023-05-31 14:58:00-04:00
326,44.16999816894531,44.18989944458008,44.158199310302734,44.165000915527344,44.165000915527344,32466,,,,,,,,2023-05-31 14:59:00-04:00
327,44.16999816894531,44.220001220703125,44.16999816894531,44.20500183105469,44.20500183105469,66678,,,,,,,,2023-05-31 15:00:00-04:00
328,44.20500183105469,44.21900177001953,44.16999816894531,44.185001373291016,44.185001373291016,20047,,,,,,,,2023-05-31 15:01:00-04:00
329,44.185001373291016,44.22999954223633,44.185001373291016,44.220401763916016,44.220401763916016,18342,,,,,,,,2023-05-31 15:02:00-04:00
330,44.224998474121094,44.22999954223633,44.20000076293945,44.20500183105469,44.20500183105469,26471,,,,,,,,2023-05-31 15:03:00-04:00
331,44.20000076293945,44.220001220703125,44.20000076293945,44.217201232910156,44.217201232910156,36435,,,,,,,,2023-05-31 15:04:00-04:00
332,44.21500015258789,44.224998474121094,44.20000076293945,44.224998474121094,44.224998474121094,22972,,,,,,,,2023-05-31 15:05:00-04:00
333,44.22999954223633,44.2400016784668,44.20000076293945,44.20500183105469,44.20500183105469,37778,,,,,,,,2023-05-31 15:06:00-04:00
334,44.20500183105469,44.2400016784668,44.20500183105469,44.224998474121094,44.224998474121094,40200,,,,,,,,2023-05-31 15:07:00-04:00
335,44.224998474121094,44.244998931884766,44.209999084472656,44.22200012207031,44.22200012207031,25957,,,,,,,,2023-05-31 15:08:00-04:00
336,44.220001220703125,44.23500061035156,44.209999084472656,44.23500061035156,44.23500061035156,22246,,,,,,,,2023-05-31 15:09:00-04:00
337,44.23500061035156,44.23500061035156,44.20000076293945,44.20000076293945,44.20000076293945,16429,,,,,,,,2023-05-31 15:10:00-04:00
338,44.19499969482422,44.224998474121094,44.19499969482422,44.224998474121094,44.224998474121094,16051,,,,,,,,2023-05-31 15:11:00-04:00
339,44.22999954223633,44.275001525878906,44.220001220703125,44.27000045776367,44.27000045776367,18045,,,,,,,,2023-05-31 15:12:00-04:00
340,44.27000045776367,44.27989959716797,44.255001068115234,44.263999938964844,44.263999938964844,25814,,,,,,,,2023-05-31 15:13:00-04:00
341,44.27000045776367,44.275699615478516,44.2599983215332,44.27000045776367,44.27000045776367,9882,,,,,,,,2023-05-31 15:14:00-04:00
342,44.27000045776367,44.27299880981445,44.25,44.26499938964844,44.26499938964844,20944,,,,,,,,2023-05-31 15:15:00-04:00
343,44.27000045776367,44.275001525878906,44.2400016784668,44.26499938964844,44.26499938964844,27295,,,,,,,,2023-05-31 15:16:00-04:00
344,44.2599983215332,44.275001525878906,44.25,44.255001068115234,44.255001068115234,21082,,,,,,,,2023-05-31 15:17:00-04:00
345,44.25,44.25529861450195,44.22999954223633,44.23500061035156,44.23500061035156,16168,,,,,,,,2023-05-31 15:18:00-04:00
346,44.230899810791016,44.23500061035156,44.209999084472656,44.21500015258789,44.21500015258789,18217,,,,,,,,2023-05-31 15:19:00-04:00
347,44.209999084472656,44.220001220703125,44.189998626708984,44.21500015258789,44.21500015258789,16071,,,,,,,,2023-05-31 15:20:00-04:00
348,44.21500015258789,44.2400016784668,44.21500015258789,44.224998474121094,44.224998474121094,32916,,,,,,,,2023-05-31 15:21:00-04:00
349,44.220001220703125,44.2400016784668,44.209999084472656,44.23500061035156,44.23500061035156,11955,,,,,,,,2023-05-31 15:22:00-04:00
350,44.2400016784668,44.25,44.20500183105469,44.20500183105469,44.20500183105469,25036,,,,,,,,2023-05-31 15:23:00-04:00
351,44.20000076293945,44.23500061035156,44.19499969482422,44.22999954223633,44.22999954223633,17736,,,,,,,,2023-05-31 15:24:00-04:00
352,44.224998474121094,44.224998474121094,44.20000076293945,44.21500015258789,44.21500015258789,18427,,,,,,,,2023-05-31 15:25:00-04:00
353,44.21969985961914,44.22999954223633,44.19499969482422,44.220001220703125,44.220001220703125,29514,,,,,,,,2023-05-31 15:26:00-04:00
354,44.220001220703125,44.220001220703125,44.209999084472656,44.21500015258789,44.21500015258789,13258,,,,,,,,2023-05-31 15:27:00-04:00
355,44.21500015258789,44.220001220703125,44.209999084472656,44.220001220703125,44.220001220703125,20237,,,,,,,,2023-05-31 15:28:00-04:00
356,44.21500015258789,44.21500015258789,44.18000030517578,44.209999084472656,44.209999084472656,18713,,,,,,,,2023-05-31 15:29:00-04:00
357,44.20500183105469,44.20500183105469,44.16999816894531,44.1859016418457,44.1859016418457,27557,,,,,,,,2023-05-31 15:30:00-04:00
358,44.189998626708984,44.22999954223633,44.189998626708984,44.224998474121094,44.224998474121094,13902,,,,,,,,2023-05-31 15:31:00-04:00
359,44.224998474121094,44.22999954223633,44.20000076293945,44.224998474121094,44.224998474121094,30548,,,,,,,,2023-05-31 15:32:00-04:00
360,44.22999954223633,44.23500061035156,44.209999084472656,44.23500061035156,44.23500061035156,23604,,,,,,,,2023-05-31 15:33:00-04:00
361,44.22999954223633,44.2400016784668,44.21500015258789,44.23500061035156,44.23500061035156,25200,,,,,,,,2023-05-31 15:34:00-04:00
362,44.2400016784668,44.25,44.22999954223633,44.23500061035156,44.23500061035156,41331,,,,,,,,2023-05-31 15:35:00-04:00
363,44.239200592041016,44.279998779296875,44.239200592041016,44.275001525878906,44.275001525878906,31096,,,,,,,,2023-05-31 15:36:00-04:00
364,44.275001525878906,44.290000915527344,44.25,44.28010177612305,44.28010177612305,51734,,,,,,,,2023-05-31 15:37:00-04:00
365,44.290000915527344,44.310001373291016,44.284000396728516,44.310001373291016,44.310001373291016,50019,,,,,,,,2023-05-31 15:38:00-04:00
366,44.29999923706055,44.334999084472656,44.28499984741211,44.334999084472656,44.334999084472656,49279,,,,,,,,2023-05-31 15:39:00-04:00
367,44.334999084472656,44.36000061035156,44.33000183105469,44.349998474121094,44.349998474121094,33727,,,,,,,,2023-05-31 15:40:00-04:00
368,44.349998474121094,44.35499954223633,44.33000183105469,44.345001220703125,44.345001220703125,36123,,,,,,,,2023-05-31 15:41:00-04:00
369,44.345001220703125,44.35499954223633,44.31999969482422,44.32500076293945,44.32500076293945,41125,,,,,,,,2023-05-31 15:42:00-04:00
370,44.32500076293945,44.34000015258789,44.310001373291016,44.334999084472656,44.334999084472656,59206,,,,,,,,2023-05-31 15:43:00-04:00
371,44.34000015258789,44.375,44.34000015258789,44.375,44.375,53601,,,,,,,,2023-05-31 15:44:00-04:00
372,44.375,44.38999938964844,44.35499954223633,44.3650016784668,44.3650016784668,40024,,,,,,,,2023-05-31 15:45:00-04:00
373,44.36349868774414,44.400001525878906,44.33000183105469,44.33000183105469,44.33000183105469,132213,,,,,,,,2023-05-31 15:46:00-04:00
374,44.33000183105469,44.369998931884766,44.32500076293945,44.369998931884766,44.369998931884766,61803,,,,,,,,2023-05-31 15:47:00-04:00
375,44.3650016784668,44.375,44.345001220703125,44.3650016784668,44.3650016784668,78979,,,,,,,,2023-05-31 15:48:00-04:00
376,44.36000061035156,44.3650016784668,44.34000015258789,44.345001220703125,44.345001220703125,74858,,,,,,,,2023-05-31 15:49:00-04:00
377,44.34000015258789,44.36000061035156,44.314998626708984,44.31999969482422,44.31999969482422,184344,,,,,,,,2023-05-31 15:50:00-04:00
378,44.31999969482422,44.33000183105469,44.29999923706055,44.310001373291016,44.310001373291016,67332,,,,,,,,2023-05-31 15:51:00-04:00
379,44.30500030517578,44.33000183105469,44.28499984741211,44.314998626708984,44.314998626708984,95454,,,,,,,,2023-05-31 15:52:00-04:00
380,44.310001373291016,44.36000061035156,44.310001373291016,44.35499954223633,44.35499954223633,71072,,,,,,,,2023-05-31 15:53:00-04:00
381,44.349998474121094,44.369998931884766,44.33000183105469,44.345001220703125,44.345001220703125,91387,,,,,,,,2023-05-31 15:54:00-04:00
382,44.345001220703125,44.38999938964844,44.334999084472656,44.380001068115234,44.380001068115234,140886,,,,,,,,2023-05-31 15:55:00-04:00
383,44.380001068115234,44.38999938964844,44.349998474121094,44.3650016784668,44.3650016784668,185528,,,,,,,,2023-05-31 15:56:00-04:00
384,44.3650016784668,44.369998931884766,44.33000183105469,44.35499954223633,44.35499954223633,129671,,,,,,,,2023-05-31 15:57:00-04:00
385,44.36000061035156,44.369998931884766,44.34000015258789,44.36000061035156,44.36000061035156,275968,,,,,,,,2023-05-31 15:58:00-04:00
386,44.36000061035156,44.3650016784668,44.29999923706055,44.31999969482422,44.31999969482422,424148,,,,,,,,2023-05-31 15:59:00-04:00
